[Background] [blue_sky_background.jpg]
[WoodBlock] [0.014814814814814815] [0.12519561815336464] [0.056296296296296296] [0.6744913928012519]
[WoodBlock] [0.014814814814814815] [0.12519561815336464] [0.28296296296296297] [0.6744913928012519]
[WoodBlock] [0.014814814814814815] [0.12519561815336464] [0.08] [0.5164319248826291]
[WoodBlock] [0.014814814814814815] [0.12519561815336464] [0.2637037037037037] [0.5164319248826291]
[WoodBlock] [0.014814814814814815] [0.12519561815336464] [0.2562962962962963] [0.36306729264475746]
[WoodBlock] [0.014814814814814815] [0.12519561815336464] [0.09555555555555556] [0.3646322378716745]
[WoodBlock] [0.08222222222222222] [0.03129890453834116] [0.06962962962962962] [0.48513302034428796]
[WoodBlock] [0.07333333333333333] [0.03286384976525822] [0.21777777777777776] [0.486697965571205]
[WoodBlock] [0.17629629629629628] [0.03129890453834116] [0.09555555555555556] [0.3333333333333333]
[WoodBlock] [0.24222222222222223] [0.03599374021909233] [0.056296296296296296] [0.6400625978090767]
[Slingshot] [7.407407407407407E-4] [0.0] [0.8066666666666666] [0.6071987480438185]
[Slingshot] [0.03333333333333333] [0.16] [0.86] [0.6447574334898278]
[BlueBird] [0.022222222222222223] [0.05] [0.96] [0.75]
[RedBird] [0.022222222222222223] [0.05] [0.96] [0.7]
[BasicPig] [0.022222222222222223] [0.05] [0.17185185185185184] [0.5884194053208138]
