[Background] [splash_screen_background.jpg]
[WoodBlock] [0.024444444444444446] [0.6447574334898278] [0.482962962962963] [0.15492957746478872]
[WoodBlock] [0.017037037037037038] [0.4131455399061033] [0.4614814814814815] [0.38497652582159625]
[WoodBlock] [0.06666666666666667] [0.03129890453834116] [0.4103703703703704] [0.6322378716744914]
[WoodBlock] [0.10888888888888888] [0.03286384976525822] [0.36814814814814817] [0.4945226917057903]
[WoodBlock] [0.1474074074074074] [0.03286384976525822] [0.33037037037037037] [0.38497652582159625]
[BasicPig] [0.022222222222222223] [0.05] [0.4311111111111111] [0.4444444444444444]
[BasicPig] [0.022222222222222223] [0.05] [0.4162962962962963] [0.5837245696400626]
[WoodBlock] [0.13333333333333333] [0.01564945226917058] [0.32814814814814813] [0.7824726134585289]
[WoodBlock] [0.011111111111111112] [0.07981220657276995] [0.3274074074074074] [0.702660406885759]
[Slingshot] [0.03333333333333333] [0.16] [0.09185185185185185] [0.6416275430359938]
[WoodBlock] [0.09481481481481481] [0.023474178403755867] [0.3674074074074074] [0.758998435054773]
[WoodBlock] [0.025185185185185185] [0.018779342723004695] [0.32] [0.6838810641627543]
[WoodBlock] [0.05851851851851852] [0.0297339593114241] [0.4651851851851852] [0.1267605633802817]
[WoodBlock] [0.1111111111111111] [0.028169014084507043] [0.43777777777777777] [0.10015649452269171]
[WoodBlock] [0.2733333333333333] [0.0297339593114241] [0.35555555555555557] [0.07198748043818466]
[WoodBlock] [0.017037037037037038] [0.41158059467918623] [0.5155555555555555] [0.38810641627543035]
[WoodBlock] [0.014814814814814815] [0.40688575899843504] [0.5792592592592593] [0.39123630672926446]
[WoodBlock] [0.07555555555555556] [0.026604068857589983] [0.5177777777777778] [0.5868544600938967]
[BasicPig] [0.022222222222222223] [0.05] [0.5444444444444444] [0.5367762128325508]
[WoodBlock] [0.017037037037037038] [0.3145539906103286] [0.6444444444444445] [0.4835680751173709]
[WoodBlock] [0.06518518518518518] [0.025039123630672927] [0.5881481481481482] [0.730829420970266]
[BasicPig] [0.022222222222222223] [0.05] [0.6081481481481481] [0.6807511737089202]
[Slingshot] [0.03333333333333333] [0.16] [0.8807407407407407] [0.6416275430359938]
[BlueBird] [0.022222222222222223] [0.05] [0.03] [0.75]
[YellowBird] [0.022222222222222223] [0.05] [0.03] [0.70]
[BlueBird] [0.022222222222222223] [0.05] [0.03] [0.65]
[YellowBird] [0.022222222222222223] [0.05] [0.03] [0.60]