[Background] [blue_sky_background.jpg]
[WoodBlock] [0.014814814814814815] [0.12519561815336464] [0.8488888888888889] [0.6744913928012519]
[WoodBlock] [0.014814814814814815] [0.12519561815336464] [0.8918518518518519] [0.6744913928012519]
[WoodBlock] [0.014814814814814815] [0.12519561815336464] [0.9466666666666667] [0.6744913928012519]
[WoodBlock] [0.014814814814814815] [0.12519561815336464] [0.8488888888888889] [0.5226917057902973]
[WoodBlock] [0.014814814814814815] [0.12519561815336464] [0.8918518518518519] [0.5258215962441315]
[WoodBlock] [0.014814814814814815] [0.12519561815336464] [0.8481481481481481] [0.37402190923317685]
[WoodBlock] [0.014814814814814815] [0.12519561815336464] [0.5992592592592593] [0.6744913928012519]
[WoodBlock] [0.014814814814814815] [0.12519561815336464] [0.8925925925925926] [0.3755868544600939]
[WoodBlock] [0.014814814814814815] [0.12519561815336464] [0.48074074074074075] [0.6744913928012519]
[WoodBlock] [0.014814814814814815] [0.12519561815336464] [0.8222222222222222] [0.08450704225352113]
[WoodBlock] [0.014814814814814815] [0.12519561815336464] [0.8481481481481481] [0.22535211267605634]
[WoodBlock] [0.014814814814814815] [0.12519561815336464] [0.8925925925925926] [0.2269170579029734]
[WoodBlock] [0.014814814814814815] [0.12519561815336464] [0.8725925925925926] [0.08607198748043818]
[WoodBlock] [0.014814814814814815] [0.12519561815336464] [0.8] [0.2237871674491393]
[WoodBlock] [0.014814814814814815] [0.12519561815336464] [0.8022222222222222] [0.6744913928012519]
[WoodBlock] [0.014814814814814815] [0.12519561815336464] [0.5696296296296296] [0.5258215962441315]
[WoodBlock] [0.014814814814814815] [0.12519561815336464] [0.54] [0.6744913928012519]
[WoodBlock] [0.014814814814814815] [0.12519561815336464] [0.5088888888888888] [0.5242566510172144]
[WoodBlock] [0.014814814814814815] [0.12519561815336464] [0.8007407407407408] [0.5226917057902973]
[WoodBlock] [0.014814814814814815] [0.12519561815336464] [0.7466666666666667] [0.6744913928012519]
[WoodBlock] [0.014814814814814815] [0.12519561815336464] [0.8] [0.37089201877934275]
[WoodBlock] [0.2637037037037037] [0.0297339593114241] [0.7207407407407408] [0.6463223787167449]
[WoodBlock] [0.3288888888888889] [0.0297339593114241] [0.6822222222222222] [0.49295774647887325]
[WoodBlock] [0.08888888888888889] [0.012519561815336464] [0.8088888888888889] [0.07668231611893583]
[WoodBlock] [0.1348148148148148] [0.0297339593114241] [0.7888888888888889] [0.3458528951486698]
[WoodBlock] [0.1348148148148148] [0.025039123630672927] [0.7851851851851852] [0.20657276995305165]
[WoodBlock] [0.16666666666666666] [0.0297339593114241] [0.4651851851851852] [0.6447574334898278]
[WoodBlock] [0.09037037037037036] [0.0297339593114241] [0.5014814814814815] [0.49921752738654146]
[WoodBlock] [0.04666666666666667] [0.025039123630672927] [0.8318518518518518] [0.051643192488262914]
[WoodBlock] [0.02962962962962963] [0.014084507042253521] [0.8407407407407408] [0.0406885758998435]
[WoodBlock] [0.02] [0.010954616588419406] [0.845925925925926] [0.03129890453834116]
[WoodBlock] [0.00962962962962963] [0.006259780907668232] [0.8503703703703703] [0.025039123630672927]
[WoodBlock] [0.011851851851851851] [0.07355242566510173] [0.4051851851851852] [0.7261345852895149]
[WoodBlock] [0.011111111111111112] [0.06572769953051644] [0.3711111111111111] [0.7339593114241002]
[WoodBlock] [0.07111111111111111] [0.02190923317683881] [0.35777777777777775] [0.7136150234741784]
[WoodBlock] [0.02] [0.01564945226917058] [0.3837037037037037] [0.701095461658842]
[WoodBlock] [0.00962962962962963] [0.0892018779342723] [0.36444444444444446] [0.6259780907668232]
[BasicPig] [0.022222222222222223] [0.05] [0.38222222222222224] [0.651017214397496]
[BasicPig] [0.022222222222222223] [0.05] [0.5355555555555556] [0.5665101721439749]
[WoodBlock] [0.03481481481481481] [0.028169014084507043] [0.5288888888888889] [0.6165884194053208]
[BasicPig] [0.022222222222222223] [0.05] [0.8214814814814815] [0.4444444444444444]
[BasicPig] [0.022222222222222223] [0.05] [0.8674074074074074] [0.4428794992175274]
[BasicPig] [0.022222222222222223] [0.05] [0.82] [0.29577464788732394]
[BasicPig] [0.022222222222222223] [0.05] [0.8681481481481481] [0.29577464788732394]
[BasicPig] [0.022222222222222223] [0.05] [0.8214814814814815] [0.596244131455399]
[BasicPig] [0.022222222222222223] [0.05] [0.8674074074074074] [0.5978090766823161]
[BasicPig] [0.022222222222222223] [0.05] [0.7725925925925926] [0.596244131455399]
[BasicPig] [0.022222222222222223] [0.05] [0.9103703703703704] [0.596244131455399]
[BasicPig] [0.022222222222222223] [0.05] [0.9118518518518518] [0.4413145539906103]
[BasicPig] [0.022222222222222223] [0.05] [0.7733333333333333] [0.4413145539906103]
[WoodBlock] [0.02148148148148148] [0.01564945226917058] [0.8437037037037037] [0.19248826291079812]
[WoodBlock] [0.01037037037037037] [0.01564945226917058] [0.8496296296296296] [0.17996870109546165]
[WoodBlock] [0.024444444444444446] [0.012519561815336464] [0.8422222222222222] [0.16901408450704225]
[WoodBlock] [0.017037037037037038] [0.00782472613458529] [0.845925925925926] [0.162754303599374]
[WoodBlock] [0.01037037037037037] [0.004694835680751174] [0.8496296296296296] [0.1596244131455399]
[WoodBlock] [0.005185185185185185] [0.012519561815336464] [0.8525925925925926] [0.15492957746478872]
[WoodBlock] [0.006666666666666667] [0.01564945226917058] [0.8911111111111111] [0.06416275430359937]
[WoodBlock] [0.006666666666666667] [0.012519561815336464] [0.8088888888888889] [0.06416275430359937]
[WoodBlock] [0.003703703703703704] [0.00782472613458529] [0.8540740740740741] [0.018779342723004695]
[WoodBlock] [0.005925925925925926] [0.012519561815336464] [0.914074074074074] [0.19874804381846636]
[WoodBlock] [0.0044444444444444444] [0.010954616588419406] [0.7851851851851852] [0.19561815336463223]
[WoodBlock] [0.017777777777777778] [0.010954616588419406] [0.3844444444444444] [0.7887323943661971]
[WoodBlock] [0.011111111111111112] [0.010954616588419406] [0.38814814814814813] [0.7793427230046949]
[WoodBlock] [0.017777777777777778] [0.00782472613458529] [0.3844444444444444] [0.7715179968701096]
[WoodBlock] [0.008888888888888889] [0.006259780907668232] [0.3888888888888889] [0.7668231611893583]
[WoodBlock] [0.017037037037037038] [0.00782472613458529] [0.3851851851851852] [0.758998435054773]
[WoodBlock] [0.008888888888888889] [0.00782472613458529] [0.3888888888888889] [0.7543035993740219]
[WoodBlock] [0.017777777777777778] [0.009389671361502348] [0.3844444444444444] [0.7449139280125195]
[WoodBlock] [0.035555555555555556] [0.02190923317683881] [0.5] [0.7777777777777778]
[WoodBlock] [0.034074074074074076] [0.02190923317683881] [0.56] [0.7777777777777778]
[WoodBlock] [0.022222222222222223] [0.017214397496087636] [0.5066666666666667] [0.7621283255086072]
[WoodBlock] [0.02] [0.014084507042253521] [0.5674074074074074] [0.7652582159624414]
[WoodBlock] [0.014814814814814815] [0.02190923317683881] [0.5140740740740741] [0.7464788732394366]
[WoodBlock] [0.013333333333333334] [0.017214397496087636] [0.5674074074074074] [0.7496087636932708]
[WoodBlock] [0.007407407407407408] [0.03129890453834116] [0.5140740740740741] [0.7167449139280125]
[WoodBlock] [0.007407407407407408] [0.03442879499217527] [0.5733333333333334] [0.7167449139280125]
[WoodBlock] [0.04148148148148148] [0.017214397496087636] [0.6577777777777778] [0.7824726134585289]
[WoodBlock] [0.028888888888888888] [0.014084507042253521] [0.6644444444444444] [0.7683881064162754]
[WoodBlock] [0.040740740740740744] [0.017214397496087636] [0.6585185185185185] [0.7543035993740219]
[WoodBlock] [0.014074074074074074] [0.010954616588419406] [0.6718518518518518] [0.7464788732394366]
[WoodBlock] [0.0044444444444444444] [0.010954616588419406] [0.6762962962962963] [0.7386541471048513]
[WoodBlock] [0.014074074074074074] [0.00782472613458529] [0.6718518518518518] [0.7323943661971831]
[WoodBlock] [0.006666666666666667] [0.026604068857589983] [0.6585185185185185] [0.7355242566510172]
[WoodBlock] [0.006666666666666667] [0.02190923317683881] [0.6925925925925925] [0.7370892018779343]
[WoodBlock] [0.012592592592592593] [0.010954616588419406] [0.6962962962962963] [0.7887323943661971]
[WoodBlock] [0.015555555555555555] [0.010954616588419406] [0.6496296296296297] [0.7887323943661971]
[WoodBlock] [0.005925925925925926] [0.00782472613458529] [0.6762962962962963] [0.7276995305164319]
[WoodBlock] [0.0044444444444444444] [0.028169014084507043] [0.7044444444444444] [0.7699530516431925]
[WoodBlock] [0.0044444444444444444] [0.017214397496087636] [0.6496296296296297] [0.7715179968701096]
[WoodBlock] [0.007407407407407408] [0.006259780907668232] [0.802962962962963] [0.20344287949921752]
[WoodBlock] [0.008888888888888889] [0.006259780907668232] [0.8948148148148148] [0.20344287949921752]
[WoodBlock] [0.007407407407407408] [0.023474178403755867] [0.6244444444444445] [0.621283255086072]
[WoodBlock] [0.007407407407407408] [0.023474178403755867] [0.4651851851851852] [0.622848200312989]
[Slingshot] [0.03333333333333333] [0.16] [0.10888888888888888] [0.6416275430359938]
[BlueBird] [0.022222222222222223] [0.05] [0.03] [0.75]
[RedBird] [0.022222222222222223] [0.05] [0.03] [0.70]
[RedBird] [0.022222222222222223] [0.05] [0.03] [0.65]
[RedBird] [0.022222222222222223] [0.05] [0.03] [0.60]
[RedBird] [0.022222222222222223] [0.05] [0.03] [0.55]
[RedBird] [0.022222222222222223] [0.05] [0.03] [0.50]
[RedBird] [0.022222222222222223] [0.05] [0.03] [0.45]