[Background] [castle_background1.jpg]
[WoodBlock] [0.014814814814814815] [0.12519561815336464] [0.39185185185185184] [0.6744913928012519]
[WoodBlock] [0.014814814814814815] [0.12519561815336464] [0.48592592592592593] [0.676056338028169]
[WoodBlock] [0.014814814814814815] [0.12519561815336464] [0.5807407407407408] [0.6744913928012519]
[WoodBlock] [0.014814814814814815] [0.12519561815336464] [0.39185185185185184] [0.5195618153364632]
[WoodBlock] [0.014814814814814815] [0.12519561815336464] [0.58] [0.5226917057902973]
[WoodBlock] [0.014814814814814815] [0.12519561815336464] [0.48592592592592593] [0.5195618153364632]
[WoodBlock] [0.014814814814814815] [0.12519561815336464] [0.39185185185185184] [0.36619718309859156]
[WoodBlock] [0.014814814814814815] [0.12519561815336464] [0.4866666666666667] [0.20657276995305165]
[WoodBlock] [0.22518518518518518] [0.03129890453834116] [0.3837037037037037] [0.6447574334898278]
[WoodBlock] [0.2222222222222222] [0.03129890453834116] [0.3851851851851852] [0.49139280125195617]
[WoodBlock] [0.016296296296296295] [0.1298904538341158] [0.48592592592592593] [0.3615023474178404]
[WoodBlock] [0.014814814814814815] [0.13302034428794993] [0.5807407407407408] [0.35837245696400627]
[WoodBlock] [0.2288888888888889] [0.03442879499217527] [0.38] [0.3317683881064163]
[WoodBlock] [0.014814814814814815] [0.12519561815336464] [0.3925925925925926] [0.2081377151799687]
[WoodBlock] [0.014814814814814815] [0.12519561815336464] [0.5807407407407408] [0.2081377151799687]
[WoodBlock] [0.2288888888888889] [0.0297339593114241] [0.37925925925925924] [0.18309859154929578]
[WoodBlock] [0.014074074074074074] [0.11580594679186229] [0.3933333333333333] [0.1189358372456964]
[WoodBlock] [0.014814814814814815] [0.12519561815336464] [0.4866666666666667] [0.06259780907668232]
[WoodBlock] [0.014814814814814815] [0.12519561815336464] [0.5807407407407408] [0.12050078247261346]
[BasicPig] [0.022222222222222223] [0.05] [0.4348148148148148] [0.13302034428794993]
[BasicPig] [0.022222222222222223] [0.05] [0.5348148148148149] [0.13458528951486698]
[BasicPig] [0.022222222222222223] [0.05] [0.534074074074074] [0.28169014084507044]
[BasicPig] [0.022222222222222223] [0.05] [0.43407407407407406] [0.28169014084507044]
[BasicPig] [0.022222222222222223] [0.05] [0.43333333333333335] [0.4413145539906103]
[BasicPig] [0.022222222222222223] [0.05] [0.5355555555555556] [0.4413145539906103]
[BasicPig] [0.022222222222222223] [0.05] [0.5355555555555556] [0.594679186228482]
[BasicPig] [0.022222222222222223] [0.05] [0.43407407407407406] [0.594679186228482]
[Slingshot] [0.03333333333333333] [0.16] [0.1348148148148148] [0.647887323943662]
[Slingshot] [0.03333333333333333] [0.16] [0.794074074074074] [0.6416275430359938]
[Slingshot] [0.03333333333333333] [0.16] [0.8155555555555556] [0.323943661971831]
[Slingshot] [0.03333333333333333] [0.16] [0.05185185185185185] [0.38967136150234744]
[Slingshot] [0.03333333333333333] [0.16] [0.17185185185185184] [0.14710485133020346]
[Slingshot] [0.03333333333333333] [0.16] [0.7303703703703703] [0.15492957746478872]
[YellowBird] [0.022222222222222223] [0.05] [0.96] [0.75]
[RedBird] [0.022222222222222223] [0.05] [0.96] [0.70]
[RedBird] [0.022222222222222223] [0.05] [0.96] [0.65]
[RedBird] [0.022222222222222223] [0.05] [0.96] [0.60]