[Background] [splash_screen_background.jpg]
[Slingshot] [0.03333333333333333] [0.16] [0.13333333333333333] [0.6431924882629108]
[WoodBlock] [0.03037037037037037] [0.29577464788732394] [0.397037037037037] [0.5039123630672926]
[WoodBlock] [0.014814814814814815] [0.12519561815336464] [0.7762962962962963] [0.6744913928012519]
[WoodBlock] [0.014814814814814815] [0.12519561815336464] [0.9037037037037037] [0.6744913928012519]
[WoodBlock] [7.407407407407407E-4] [0.001564945226917058] [0.782962962962963] [0.6791862284820032]
[WoodBlock] [0.014814814814814815] [0.12519561815336464] [0.8422222222222222] [0.6744913928012519]
[BasicPig] [0.022222222222222223] [0.05] [0.7725925925925926] [0.6244131455399061]
[BasicPig] [0.022222222222222223] [0.05] [0.8392592592592593] [0.6259780907668232]
[BasicPig] [0.022222222222222223] [0.05] [0.9] [0.6259780907668232]
[YellowBird] [0.022222222222222223] [0.05] [0.03] [0.75]