[Background] [sky_mountain_background.jpg]
[WoodBlock] [0.00962962962962963] [0.107981220657277] [0.9362962962962963] [0.6917057902973396]
[WoodBlock] [0.00962962962962963] [0.1111111111111111] [0.8925925925925926] [0.6885758998435054]
[WoodBlock] [0.01037037037037037] [0.1564945226917058] [0.8918518518518519] [0.5258215962441315]
[BasicPig] [0.022222222222222223] [0.05] [0.9081481481481481] [0.6322378716744914]
[WoodBlock] [0.00962962962962963] [0.16118935837245696] [0.9362962962962963] [0.5211267605633803]
[WoodBlock] [0.06518518518518518] [0.02034428794992175] [0.8859259259259259] [0.5054773082942097]
[WoodBlock] [0.0437037037037037] [0.014084507042253521] [0.8977777777777778] [0.5367762128325508]
[WoodBlock] [0.04888888888888889] [0.009389671361502348] [0.8948148148148148] [0.49921752738654146]
[WoodBlock] [0.04] [0.012519561815336464] [0.8992592592592593] [0.48982785602503914]
[WoodBlock] [0.028888888888888888] [0.006259780907668232] [0.9051851851851852] [0.48513302034428796]
[WoodBlock] [0.02148148148148148] [0.004694835680751174] [0.9088888888888889] [0.48043818466353677]
[WoodBlock] [0.008148148148148147] [0.0297339593114241] [0.9155555555555556] [0.4538341158059468]
[WoodBlock] [0.016296296296296295] [0.5618153364632238] [0.25407407407407406] [0.23943661971830985]
[WoodBlock] [0.008148148148148147] [0.28012519561815336] [0.8037037037037037] [0.5211267605633803]
[WoodBlock] [0.057777777777777775] [0.02034428794992175] [0.7592592592592593] [0.5086071987480438]
[WoodBlock] [0.008148148148148147] [0.28169014084507044] [0.762962962962963] [0.5179968701095462]
[WoodBlock] [0.042222222222222223] [0.010954616588419406] [0.7674074074074074] [0.5007824726134585]
[WoodBlock] [0.03037037037037037] [0.009389671361502348] [0.7733333333333333] [0.4945226917057903]
[WoodBlock] [0.023703703703703703] [0.009389671361502348] [0.7770370370370371] [0.48982785602503914]
[WoodBlock] [0.016296296296296295] [0.00782472613458529] [0.7807407407407407] [0.4835680751173709]
[WoodBlock] [0.008888888888888889] [0.028169014084507043] [0.7844444444444445] [0.458528951486698]
[WoodBlock] [0.00962962962962963] [0.28169014084507044] [0.43925925925925924] [0.5179968701095462]
[WoodBlock] [0.00962962962962963] [0.28169014084507044] [0.3962962962962963] [0.5179968701095462]
[WoodBlock] [0.5466666666666666] [0.010954616588419406] [0.39925925925925926] [0.6807511737089202]
[BasicPig] [0.022222222222222223] [0.05] [0.7755555555555556] [0.6322378716744914]
[BasicPig] [0.022222222222222223] [0.05] [0.41185185185185186] [0.6306729264475743]
[WoodBlock] [0.06592592592592593] [0.02034428794992175] [0.3896296296296296] [0.49921752738654146]
[WoodBlock] [0.047407407407407405] [0.014084507042253521] [0.3985185185185185] [0.48982785602503914]
[WoodBlock] [0.035555555555555556] [0.010954616588419406] [0.40444444444444444] [0.4835680751173709]
[WoodBlock] [0.03037037037037037] [0.010954616588419406] [0.4066666666666667] [0.47730829420970267]
[WoodBlock] [0.022222222222222223] [0.009389671361502348] [0.4111111111111111] [0.4726134585289515]
[WoodBlock] [0.008148148148148147] [0.023474178403755867] [0.4185185185185185] [0.4507042253521127]
[WoodBlock] [0.3274074074074074] [0.014084507042253521] [0.44296296296296295] [0.5446009389671361]
[WoodBlock] [0.008888888888888889] [0.25039123630672927] [0.7281481481481481] [0.297339593114241]
[WoodBlock] [0.008888888888888889] [0.2519561815336463] [0.4777777777777778] [0.29577464788732394]
[WoodBlock] [0.008888888888888889] [0.2535211267605634] [0.5096296296296297] [0.29577464788732394]
[WoodBlock] [0.008888888888888889] [0.2535211267605634] [0.697037037037037] [0.29577464788732394]
[WoodBlock] [0.056296296296296296] [0.017214397496087636] [0.4688888888888889] [0.28012519561815336]
[WoodBlock] [0.051111111111111114] [0.01564945226917058] [0.6911111111111111] [0.28325508607198746]
[WoodBlock] [0.035555555555555556] [0.017214397496087636] [0.48074074074074075] [0.26604068857589985]
[WoodBlock] [0.18666666666666668] [0.010954616588419406] [0.5148148148148148] [0.3380281690140845]
[WoodBlock] [0.015555555555555555] [0.5539906103286385] [0.25851851851851854] [0.24726134585289514]
[WoodBlock] [0.013333333333333334] [0.5446009389671361] [0.26296296296296295] [0.2566510172143975]
[WoodBlock] [0.016296296296296295] [0.5336463223787168] [0.26222222222222225] [0.2676056338028169]
[WoodBlock] [0.025185185185185185] [0.014084507042253521] [0.48518518518518516] [0.2566510172143975]
[WoodBlock] [0.03333333333333333] [0.012519561815336464] [0.7007407407407408] [0.27386541471048514]
[WoodBlock] [0.022222222222222223] [0.017214397496087636] [0.705925925925926] [0.26291079812206575]
[WoodBlock] [0.008888888888888889] [0.03599374021909233] [0.49407407407407405] [0.2347417840375587]
[WoodBlock] [0.008148148148148147] [0.028169014084507043] [0.7125925925925926] [0.2378716744913928]
[WoodBlock] [0.03333333333333333] [0.012519561815336464] [0.48148148148148145] [0.30985915492957744]
[WoodBlock] [0.028888888888888888] [0.012519561815336464] [0.4837037037037037] [0.3380281690140845]
[WoodBlock] [0.03259259259259259] [0.010954616588419406] [0.7] [0.3114241001564945]
[WoodBlock] [0.03185185185185185] [0.012519561815336464] [0.7] [0.3348982785602504]
[WoodBlock] [0.03259259259259259] [0.014084507042253521] [0.4822222222222222] [0.36306729264475746]
[WoodBlock] [0.03185185185185185] [0.014084507042253521] [0.7014814814814815] [0.3615023474178404]
[WoodBlock] [0.32] [0.010954616588419406] [0.4474074074074074] [0.5352112676056338]
[WoodBlock] [0.3237037037037037] [0.01564945226917058] [0.4451851851851852] [0.5414710485133021]
[WoodBlock] [0.008888888888888889] [0.25508607198748046] [0.6377777777777778] [0.08450704225352113]
[WoodBlock] [0.00962962962962963] [0.25821596244131456] [0.5651851851851852] [0.08450704225352113]
[WoodBlock] [0.12518518518518518] [0.01564945226917058] [0.5437037037037037] [0.06885758998435054]
[WoodBlock] [0.10740740740740741] [0.012519561815336464] [0.5525925925925926] [0.057902973395931145]
[WoodBlock] [0.08148148148148149] [0.009389671361502348] [0.5651851851851852] [0.051643192488262914]
[WoodBlock] [0.06518518518518518] [0.014084507042253521] [0.5733333333333334] [0.03912363067292645]
[WoodBlock] [0.04962962962962963] [0.02190923317683881] [0.5814814814814815] [0.023474178403755867]
[WoodBlock] [0.07333333333333333] [0.017214397496087636] [0.5688888888888889] [0.09546165884194054]
[WoodBlock] [0.06814814814814815] [0.014084507042253521] [0.5725925925925925] [0.12363067292644757]
[WoodBlock] [0.06962962962962962] [0.01564945226917058] [0.5711111111111111] [0.1486697965571205]
[WoodBlock] [0.18814814814814815] [0.006259780907668232] [0.5125925925925926] [0.3317683881064163]
[WoodBlock] [0.03111111111111111] [0.018779342723004695] [0.554074074074074] [0.3145539906103286]
[WoodBlock] [0.035555555555555556] [0.02034428794992175] [0.6244444444444445] [0.3145539906103286]
[WoodBlock] [0.025925925925925925] [0.018779342723004695] [0.4688888888888889] [0.5195618153364632]
[WoodBlock] [0.024444444444444446] [0.018779342723004695] [0.5022222222222222] [0.5195618153364632]
[WoodBlock] [0.02666666666666667] [0.017214397496087636] [0.7207407407407408] [0.5195618153364632]
[WoodBlock] [0.027407407407407408] [0.01564945226917058] [0.6859259259259259] [0.5195618153364632]
[Slingshot] [0.025185185185185185] [0.29577464788732394] [0.09555555555555556] [0.5086071987480438]
[BlueBird] [0.022222222222222223] [0.05] [0.03] [0.75]
