[Background] [blue_sky_background.jpg]
[WoodBlock] [0.24296296296296296] [0.028169014084507043] [0.6488888888888888] [0.7652582159624414]
[WoodBlock] [0.22814814814814816] [0.028169014084507043] [0.6488888888888888] [0.7323943661971831]
[WoodBlock] [0.2074074074074074] [0.03286384976525822] [0.6488888888888888] [0.6932707355242567]
[WoodBlock] [0.17925925925925926] [0.03129890453834116] [0.6481481481481481] [0.6541471048513302]
[WoodBlock] [0.016296296296296295] [0.431924882629108] [0.8925925925925926] [0.3615023474178404]
[WoodBlock] [0.16814814814814816] [0.03442879499217527] [0.6474074074074074] [0.6103286384976526]
[WoodBlock] [0.16074074074074074] [0.03442879499217527] [0.6474074074074074] [0.568075117370892]
[WoodBlock] [0.016296296296296295] [0.5352112676056338] [0.9185185185185185] [0.25821596244131456]
[WoodBlock] [0.2896296296296296] [0.03599374021909233] [0.6451851851851852] [0.21752738654147105]
[BasicPig] [0.022222222222222223] [0.05] [0.8903703703703704] [0.3004694835680751]
[WoodBlock] [0.15703703703703703] [0.053208137715179966] [0.6466666666666666] [0.5054773082942097]
[WoodBlock] [0.1511111111111111] [0.056338028169014086] [0.6466666666666666] [0.4428794992175274]
[Slingshot] [0.03333333333333333] [0.16] [0.21333333333333335] [0.6416275430359938]
[YellowBird] [0.022222222222222223] [0.05] [0.03333333333333333] [0.5571205007824727]
[RedBird] [0.022222222222222223] [0.05] [0.03259259259259259] [0.7386541471048513]
