[Background] [blue_sky_background.jpg]
[WoodBlock] [0.028148148148148148] [0.02034428794992175] [0.7681481481481481] [0.7793427230046949]
[WoodBlock] [0.028148148148148148] [0.02190923317683881] [0.6659259259259259] [0.7777777777777778]
[WoodBlock] [0.025925925925925925] [0.018779342723004695] [0.882962962962963] [0.7809076682316118]
[Slingshot] [0.03333333333333333] [0.16] [0.06962962962962962] [0.6416275430359938]
[BasicPig] [0.022222222222222223] [0.05] [0.6688888888888889] [0.7276995305164319]
[BasicPig] [0.022222222222222223] [0.05] [0.7718518518518519] [0.730829420970266]
[BasicPig] [0.022222222222222223] [0.05] [0.8851851851851852] [0.730829420970266]
[WoodBlock] [0.014814814814814815] [0.12519561815336464] [0.3333333333333333] [0.6744913928012519]
[WoodBlock] [0.014814814814814815] [0.12519561815336464] [0.3333333333333333] [0.5492957746478874]
[RedBird] [0.022222222222222223] [0.05] [0.03] [0.65]
[RedBird] [0.022222222222222223] [0.05] [0.03] [0.7]
[RedBird] [0.022222222222222223] [0.05] [0.03] [0.75]
