[Background] [harry_potter_castle_background.jpg]
[BasicPig] [0.022222222222222223] [0.05] [0.7777777777777778] [0.3755868544600939]
[BasicPig] [0.022222222222222223] [0.05] [0.8644444444444445] [0.1564945226917058]
[Slingshot] [0.03333333333333333] [0.16] [0.28296296296296297] [0.5195618153364632]
[RedBird] [0.022222222222222223] [0.05] [0.15703703703703703] [0.6181533646322379]
[RedBird] [0.022222222222222223] [0.05] [0.12222222222222222] [0.622848200312989]
[WoodBlock] [0.014814814814814815] [0.12519561815336464] [0.9392592592592592] [0.6744913928012519]
[BasicPig] [0.022222222222222223] [0.05] [0.9340740740740741] [0.6244131455399061]
[RedBird] [0.022222222222222223] [0.05] [0.08444444444444445] [0.6244131455399061]
[WoodBlock] [0.012592592592592593] [0.37715179968701096] [0.7837037037037037] [0.4241001564945227]
[WoodBlock] [0.011111111111111112] [0.593114241001565] [0.8696296296296296] [0.20657276995305165]
