[Background] [sky_mountain_background.jpg]
[Slingshot] [0.03333333333333333] [0.16] [0.2940740740740741] [0.568075117370892]
[WoodBlock] [0.01925925925925926] [0.7496087636932708] [0.6274074074074074] [0.051643192488262914]
[WoodBlock] [0.01925925925925926] [0.701095461658842] [0.6518518518518519] [0.09859154929577464]
[WoodBlock] [0.02148148148148148] [0.6948356807511737] [0.6] [0.10485133020344288]
[WoodBlock] [0.12] [0.03912363067292645] [0.7659259259259259] [0.6463223787167449]
[WoodBlock] [0.02148148148148148] [0.11424100156494522] [0.8644444444444445] [0.5336463223787168]
[WoodBlock] [0.12222222222222222] [0.048513302034428794] [0.7637037037037037] [0.5336463223787168]
[WoodBlock] [0.025925925925925925] [0.03442879499217527] [0.86] [0.49921752738654146]
[WoodBlock] [0.03333333333333333] [0.06729264475743349] [0.8088888888888889] [0.4679186228482003]
[WoodBlock] [0.027407407407407408] [0.03442879499217527] [0.7637037037037037] [0.49921752738654146]
[WoodBlock] [0.014814814814814815] [0.12519561815336464] [0.8177777777777778] [0.6744913928012519]
[WoodBlock] [0.014814814814814815] [0.12519561815336464] [0.7659259259259259] [0.6744913928012519]
[WoodBlock] [0.014814814814814815] [0.12519561815336464] [0.8711111111111111] [0.6744913928012519]
[BasicPig] [0.022222222222222223] [0.05] [0.7881481481481482] [0.596244131455399]
[BasicPig] [0.022222222222222223] [0.05] [0.8385185185185186] [0.596244131455399]
[RedBird] [0.022222222222222223] [0.05] [0.03] [0.6]
[YellowBird] [0.022222222222222223] [0.05] [0.03] [0.65]
[RedBird] [0.022222222222222223] [0.05] [0.03] [0.7]
[RedBird] [0.022222222222222223] [0.05] [0.03] [0.75]
