[Background] [castle_background1.jpg]
[WoodBlock] [0.014814814814814815] [0.12519561815336464] [0.8614814814814815] [0.6744913928012519]
[WoodBlock] [0.014814814814814815] [0.12519561815336464] [0.92] [0.6744913928012519]
[WoodBlock] [0.014814814814814815] [0.12519561815336464] [0.8903703703703704] [0.5242566510172144]
[WoodBlock] [0.014814814814814815] [0.12519561815336464] [0.8903703703703704] [0.40062597809076683]
[WoodBlock] [0.014814814814814815] [0.12519561815336464] [0.8903703703703704] [0.27543035993740217]
[WoodBlock] [0.08888888888888889] [0.026604068857589983] [0.8533333333333334] [0.647887323943662]
[WoodBlock] [0.014814814814814815] [0.12519561815336464] [0.8903703703703704] [0.15023474178403756]
[BasicPig] [0.022222222222222223] [0.05] [0.8859259259259259] [0.08294209702660407]
[WoodBlock] [0.10296296296296296] [0.017214397496087636] [0.8162962962962963] [0.13302034428794993]
[Slingshot] [0.03333333333333333] [0.16] [0.11703703703703704] [0.5258215962441315]
[RedBird] [0.022222222222222223] [0.05] [0.03] [0.75]
