[Background] [blue_sky_background.jpg]
[WoodBlock] [0.03333333333333333] [0.1643192488262911] [0.7362962962962963] [0.6353677621283255]
[WoodBlock] [0.21925925925925926] [0.06416275430359937] [0.5896296296296296] [0.568075117370892]
[WoodBlock] [0.05703703703703704] [0.11580594679186229] [0.6037037037037037] [0.4491392801251956]
[WoodBlock] [0.06592592592592593] [0.10015649452269171] [0.6274074074074074] [0.3489827856025039]
[WoodBlock] [0.08148148148148149] [0.08294209702660407] [0.6466666666666666] [0.2644757433489828]
[WoodBlock] [0.08444444444444445] [0.0594679186228482] [0.6881481481481482] [0.20344287949921752]
[WoodBlock] [0.0362962962962963] [0.3004694835680751] [0.7355555555555555] [0.2644757433489828]
[RedBird] [0.022222222222222223] [0.05] [0.10] [0.7057902973395931]
[RedBird] [0.022222222222222223] [0.05] [0.14] [0.7057902973395931]
[RedBird] [0.022222222222222223] [0.05] [0.06] [0.7057902973395931]
[RedBird] [0.022222222222222223] [0.05] [0.02] [0.7057902973395931]
[BasicPig] [0.022222222222222223] [0.05] [0.6918518518518518] [0.513302034428795]
[BasicPig] [0.022222222222222223] [0.05] [0.7792592592592592] [0.513302034428795]
[BasicPig] [0.022222222222222223] [0.05] [0.6637037037037037] [0.2112676056338028]
[Slingshot] [0.03333333333333333] [0.16] [0.19037037037037038] [0.6416275430359938]
