[Background] [harry_potter_castle_background.jpg]
[WoodBlock] [0.014814814814814815] [0.12519561815336464] [0.056296296296296296] [0.6744913928012519]
[WoodBlock] [0.014814814814814815] [0.12519561815336464] [0.28296296296296297] [0.6744913928012519]
[WoodBlock] [0.014814814814814815] [0.12519561815336464] [0.08] [0.5164319248826291]
[WoodBlock] [0.014814814814814815] [0.12519561815336464] [0.14592592592592593] [0.5164319248826291]
[WoodBlock] [0.014814814814814815] [0.12519561815336464] [0.20592592592592593] [0.5164319248826291]
[WoodBlock] [0.014814814814814815] [0.12519561815336464] [0.2637037037037037] [0.5164319248826291]
[WoodBlock] [0.014814814814814815] [0.12519561815336464] [0.2562962962962963] [0.36306729264475746]
[WoodBlock] [0.014814814814814815] [0.12519561815336464] [0.09555555555555556] [0.3646322378716745]
[WoodBlock] [0.014814814814814815] [0.12519561815336464] [0.17407407407407408] [0.676056338028169]
[WoodBlock] [0.08222222222222222] [0.03129890453834116] [0.07925925925925927] [0.486697965571205]
[WoodBlock] [0.07333333333333333] [0.03286384976525822] [0.2051851851851852] [0.4835680751173709]
[WoodBlock] [0.17629629629629628] [0.03129890453834116] [0.09555555555555556] [0.3333333333333333]
[WoodBlock] [0.24222222222222223] [0.03599374021909233] [0.056296296296296296] [0.6400625978090767]
[WoodBlock] [0.07333333333333333] [0.03442879499217527] [0.14666666666666667] [0.4522691705790297]
[BasicPig] [0.022222222222222223] [0.05] [0.11703703703703704] [0.43661971830985913]
[BasicPig] [0.022222222222222223] [0.05] [0.22962962962962963] [0.433489827856025]
[BasicPig] [0.022222222222222223] [0.05] [0.17333333333333334] [0.40375586854460094]
[WoodBlock] [0.017777777777777778] [0.49295774647887325] [0.30666666666666664] [0.3082942097026604]
[WoodBlock] [0.01925925925925926] [0.4303599374021909] [0.33111111111111113] [0.37089201877934275]
[WoodBlock] [0.11703703703703704] [0.03755868544600939] [0.33111111111111113] [0.3364632237871675]
[WoodBlock] [0.01925925925925926] [0.24256651017214398] [0.35555555555555557] [0.5571205007824727]
[Slingshot] [7.407407407407407E-4] [0.0] [0.8066666666666666] [0.6071987480438185]
[Slingshot] [0.03333333333333333] [0.16] [0.86] [0.6447574334898278]
[BlueBird] [0.022222222222222223] [0.05] [0.96] [0.60]
[BlueBird] [0.022222222222222223] [0.05] [0.96] [0.65]
[BlueBird] [0.022222222222222223] [0.05] [0.96] [0.75]
[RedBird] [0.022222222222222223] [0.05] [0.96] [0.7]
