[Background] [castle_background1.jpg]
[BasicPig] [0.022222222222222223] [0.05] [0.8555555555555555] [0.6025039123630673]
[BasicPig] [0.022222222222222223] [0.05] [0.6237037037037036] [0.7073552425665102]
[WoodBlock] [0.15703703703703703] [0.057902973395931145] [0.7859259259259259] [0.7402190923317684]
[WoodBlock] [0.02148148148148148] [0.2942097026604069] [0.9214814814814815] [0.4507042253521127]
[WoodBlock] [0.024444444444444446] [0.30672926447574334] [0.7851851851851852] [0.4444444444444444]
[WoodBlock] [0.1674074074074074] [0.04225352112676056] [0.78] [0.4084507042253521]
[WoodBlock] [0.03481481481481481] [0.03755868544600939] [0.78] [0.37089201877934275]
[WoodBlock] [0.037037037037037035] [0.051643192488262914] [0.8451851851851852] [0.35837245696400627]
[WoodBlock] [0.037037037037037035] [0.03912363067292645] [0.9103703703703704] [0.36932707355242567]
[WoodBlock] [0.03185185185185185] [0.0892018779342723] [0.8511111111111112] [0.6525821596244131]
[WoodBlock] [0.02] [0.3317683881064163] [0.7437037037037038] [0.46635367762128327]
[WoodBlock] [0.01925925925925926] [0.3082942097026604] [0.7148148148148148] [0.48982785602503914]
[WoodBlock] [0.01925925925925926] [0.23943661971830985] [0.6659259259259259] [0.5602503912363067]
[WoodBlock] [0.0674074074074074] [0.04225352112676056] [0.6] [0.7574334898278561]
[WoodBlock] [0.017777777777777778] [0.24100156494522693] [0.5822222222222222] [0.5586854460093896]
[Slingshot] [0.03333333333333333] [0.16] [0.13407407407407407] [0.6416275430359938]
[RedBird] [0.022222222222222223] [0.05] [0.03] [0.55]
[RedBird] [0.022222222222222223] [0.05] [0.03] [0.6]
[RedBird] [0.022222222222222223] [0.05] [0.03] [0.65]
[RedBird] [0.022222222222222223] [0.05] [0.03] [0.7]
[RedBird] [0.022222222222222223] [0.05] [0.03] [0.75]